11 ’1111118 01 comm

3188110011 1011. 1111180011οο 01 101 0010811119 0011001001 01
81811110, 100 01 8180110008ς 108 8101101100 01 011 intended
81100111 01 10001, 11110 1011011 101 000101 01 1011 8108 10 be
01001108 110 804 . . . ·

811 80011 10110 01 100 0111018100 01111101 . . 440

818, 1110100100 0111011008, 110000011100001111,10111001118,81011·
011000010101010013, About 10. 804 . . . 441

8111 (11101ογ 11001111, 1110001100 1101010οι, 1000οι08, 1100010181.
110001110οι, 0101010017, 01 land 11 west bonham, 0011001
Λ..ιι 804 . . . 443

811. (110010)00000100.1110001ιο01111010011080010108,1110001
11001, 1081101111010, Abbest¹ 10810100010011180001100.01

11081000011001] 101804 , . . . 444 ι

318. (1100100008108, 11100 01 11001, 10 melnes, 1101001 01 111010,
01 110811 11000080 80100, 01 1101110100, 00. 11001, 110. 8031 10
110100 1118808 10011111 01 1011110011, 110010 01 1101110108 01
(10000100111010,10101011001001008. m». 80811831 . 448

3111 1100011110 by AEdilhenrd, 11100011οο0 01 0101010οη, 101 101
1100111οη 01001111 000100. 0001010010, 01 1108 “et 1101·

010”,011111000“1110010,00011111111ιο,00.11001 1108118 . 441 ’

320. Another 10110 01 100 0110011100 0001101 . . 1-18

321, 01101 by 00000011, 11100 01 100 ,1101011011 108 0010108, 11100 01
11001,10 00110118, print 01 100 1110 1110011000 101οε1οα111,
01 land 111 80018011οω1 01 81111000, 10 Pathum, 108 11
1100001000 1008, 00. 11001 110 808 . . . 419

m 51100 or Actun. 01101 by 0010108, 11100 01 11001, 10 1101-
1108, 1100011000 01 Caute-thory, 01 100811 11000011, 01 1111811
10100011101. 2010101)·.10101010001110808. . 480
,128 Another 10110 01 the preceding 0011111, 11101881·
110011 00101 01 1108 11· 1100011100 11810 010001.
100, 00 11001 . . ,4119

32⁴. (1110110 11010008 1111000 01 1110000011, 10 1101010110, 01 1108
1110100101, 01 11100110, 00 801111, 10 01001000 101 1101111
1180100010111 80811808 . . . 431

328. 001111·1010111110,0101101081011100100, 1110001 1011100001
1001101108 110010 101118 . , 453

8211 (11101 by 00100011, 11100 01 101 ,110 0101101, 10 1181011101οῃ
01 1108 11 00110011, 01 0001100, 011 11101 Σ111111111, 1110
April, 11. 808 . . (M
81101101 115 0000111110001 101 8110111110 101 1100111οσ 0181.
10111, 11110, 01 1108 11 North 81011,οα 80001111, m 818
101 ’38 . · ,488

m (11101 by 0100011, 1110001 101 8111111111 108 01810110 0011108,
1100011000 01 cautim, 01 1108 11 11110101, monum. 01
Buba, 00 11011 m 808 . . . . 481

8211, 8001110011 01 101 0110181110 Chri« . . 488

 

