xxvi 10011 01 comm

411. (1100111 10010111810101 1100110 110000, 811000 01 11101010,
01 1001 0118001100, now 8001110010 11001 111110, oo. 11001,
001110110000111011 1110000, 001 0100110 80110100 11001.

00 7731018113 . . . . 173

411.11111011101100108110 0101100 00 100101 0101100100 8001,
111101011801 11001111, 110 011οβ m 10100101011101 010101,
0001011011. About 00. 838 . . . 171

113. 01001 11 8011011, 01 11011001 800000, 10811011οο 81,101 01
1001 01 11011010οι, 01 11010100, 00. 110110, 010. 800101 001
0111100000. 831. . . ,177

414. (1100111 0111000010, 81100001 11011ος1οο 10110 001011υο108,
01 1001 01 11110000011110, 0111111000111, 00. 110111, 0111000001
1001010110 01 100100111 ³00 :hilling- 10 8101110101 0001008
001 011101 010101, 0001011011. Α. 0. 831 . . ..178

118. 8101000100 01 1181010101 1101801110 0010011,810111010101
0001011011. 00. 831 831 . . . .178

118. (11001 110011101, 1110101 110110010010 80001111, 0111001011
1100001011, 00 1101000101. 0ηο 838 . . 181 ”

417. 1111101 11010οσ8 80011101. 11001101 10ιο10100 01 1101001 10 011101
010101, 0001011011. 00. 837. . ..181

118. (11001 11 1110111ος σ,100111 with 0010001011ιο 000 11101 1111011011,
10 0001011000110101 1100100101, 011001Ι ιο 800111011001001
1101010011; 0180011001 001 1101010011, 010, 00. 11001. 00.

838 .

118. 010011111111010011, 1110101 11001, 10 8101110101 001008, 01 1001
01 11001100101011000 001 11010100011001. 7000101, 1811
1010010000 838. .

180. 81011 tom 01 110 1100011οκ 0101101.

Corum 01 110001101-
111110001οη by 8101110101 0001008011010 01 muling.
00.800001,101011101 010101, 0001011011, 001118,
011110101011111000 . ..887
111. 81011 1ο1ιιι 01 110100011ος0101101.,881
118 (11001 11 11110111, lungo! 11011001 8000ηο10110 800
01 winchester, 01 1001 nt midan 1001, 01 81011001, 1.
01111111 00888 11111 0001101011οο 10 00. 838. . 888

411. 111010001οο 01 1101010100, 810101 01 11100100101, 10 8101110101
00010011. 00 818.. . 181

m. 11010030 01 80111101, 81010101 1101001,108101110101001001.
ku. . . 888

418 (11001 1110001011, 1110101 11011001800000 101110 01 110110,
01 1001 ιο 0001011011. 0 0 8381111110101011111000

m. 10101000 by 00010011, 8101110101 01 0001011011, immmun-
8110110, 01 1001010011, 0101011,00. 11001. 0οι m . ⁶oe

 

