xviii 1811111 81 comm

986. Ρ181888188 81 Τί81188, 1111888 81 1188818818 1311181118, Aah·
811888 81 Cantorbury 1111 798. . . ,898

9871181181ι 81 1188811, 11188 81 188 1181811181, 18 Popo 888 111.
Α..11 798 . . . . . 998

988 better 81 Ρορο Leo 111 18 0888811, 11188 81 188 81818881
18798 , . . 998

989. (11881 by King coenuulf 18 118118 0811811 81 1888 81 1118188188

111181888888888181188881118818888111,111188881888881
81881 by 0811811 11) 188 118818188111118888. 11881. 111,
798. , , . . , . 400

0811811 81 8118188888-
·290. 81811818, 8188811888 81 0881888818, 81818181 188
1818111 8818188881 1818881188 ¹³5 88881 18 188
088188. 1111 7981818119 . , , 409

990.10818888888188 8888188 11818 188 118818-81188
08188188 , , , , , 401

0881811 or 01818188-
991. 8818881881 8881888181881118818818 81188 118888-
181188 81 08888881, 81 08888881, oo. 1181118, 888 81
Ρ88188888, 88 1881188881 0888811188, 18 88888888 .
181 88118111 11888 18 11881 811. 798 . , 405

992.Ρ181881188 81 1188811811, 1111888 81 1181881181, 18 Ε1881818,
81888181188810881818818, 111798 . . . 407

999118118181188 by 08888811, 11188 81 188 1181888818 081111088188,
0881818818, 81 1888 81 0181818888, 81 0881188 818, 88, 11881
Μ919191188181811118 by 11188 08881818 18 081111 0811188, 018· ⁴⁰⁹

1818811,811888 81 08111888, 81 0881188, 818, 881
11881 1811799 . . . . 411

198. 1118818] 11188 08888811 18 11811888, 8888181 1188181888, oo.
' 118.1881181 111. 199. ,111

9911. (11881 8] 11188 088811 888 811 08888 0888811111. 18 081181
088188, 0881818818, 81 11811 81 1188111888 818, 8811 1181181811,
810881888811881. 171818181111799. . , 419

997. 8181881188 81118181811711111881118111181 . . 111
99711 18118 18111181 997 . . . . 418
9978 8881881881181818181118 997 . . , 418

198 Prasmon 81 08118818, 1118888 81 1181818181, 18 81881818, m.
811888 81 0181818818. 1111. 79111811 . . . 418

99. 1188888888 81 1118888888 81 1188188188, oo. (1111888181, 888111
811. m (888 Not 188, 917.) . . , , 417

181881818181888818188888811888118818018188718811118811Λ.14,

*-

 

