iv 1111111 01 00111110

18. 1101101· 01 Ρο00 Agatho to 1111901109, 1110) 01 1110 910101100, 109
Τ11009010,19109911110)1,)10011110 privileges 10 19οΜ0011101) 01
Peterborough. About 111. 980 . . . . u

4910010811οο 9011100 0119048110191110110010 11110)
points 11010 11. . . 79

59. 91001 9) 9101110 1111, 01 90900111, Κ100019901001, 10 11111100
99111119, 01 11011011110001111110100901901011001. A.1›. 989 . 81

51. 910111 1010191010, 11100 01 1110 11010010, 10 1119001111 190 100011, 01
110911 11100011, 00. 9901000101. 10989 .. .

0000011 01 111111010-
51110001901Ρ1000091001 17111 September, 110989 .
58. 0001000191091111110019009011 1010001100111091111100

01 9191001101 A. 11. 989

94 9110111)Κο011119,11111011110 911010110010 1919110110, 191101 01
9111001901), 01 1111901 9991111001 99001100 eo 991111 Α..11 989 88

55. 191111ος00 granted 9) 1000 Agatho 10 190 1110010101) 01 81. Ρ1111,
1009011 1111978981. . . . . . 88

59. privilege· granted by Ρο00 Agatho 10 190 1101111101) 01 91101100).
A. D. 978981 . . 89

57. 91101 11) 1199011009 10 1110 Abbcsn 9010001911, 01 1109 00111110
111101 90101110, 0199010011 October, 11Ηο 981 .

98. 91101 9) 99901109 ,1110) 01 1110 Mettium, 10 11990110, 199901 01

1111100 1101), 01 110911 191υο0100, 01 80110100, 010, 00 991111
1.,0 981 . . 91

59. 91101 9)1111919109, 19111001 1110 911100011019191101101111101 01
1111011901) 01 1109 0011 Το19111) 1111 98111. 101981 . 98

991. 110009111οιι 01 11101109011010910 No. 59 . . 94

99. 9111110101 1110) 1811101109,οτ 81901109, founding 190 1910011101) 01
81.Ρο101,9100001101. 1111979101 981 . . . 95

91. 91101 1011119119 01 1110 1101011101, 10 11101019, 1111101 [01 9111-
1011901),] 01 1109 11 1’01100111,01 1000119, 00 80001101
10 981 . . . 99

98. 91101 9) 111101111,11100011110 811001, 10110010011111110101
9111100901), 01 110911 9101000090, 01 90001009· 10011, 99’·011
11001100,00.800111101.111.981.. 97

98 911111 9) (9 9111110, 11111) 01 9901101 [1011110019οη19110)]01
110911 111 111110, 0111101910, 00 991111 August, 10989 . 98

94. 911111 11) (11190011111910) 01 9900101, 10 9111100 99111119, 01
11091 10 10 009 111 1911110) 01 8001011ςο, 01 80110),0018οι11.
magu-mn. 988 . . 98

95. 91111 11)Ι11111111119,101110)0101,10 1919901111, 811901 01 91111001ἰ
9111), 01 1109 01 8010011019, 00 8011011019, 00 wint 89111

17111),111.989 . . . . . . lm
¹ A'tum 91111111 Auum, m 18 Imm. 8&

 

