mu 08 Com

248 04404 8) 0444, 4444) 04 480 meminus 40 480 480044
8410800484 and 8010484)48, hin 440404, 04 land 44
lotham, or 40448404, und Ρο048440440440, 00 44004,

040 4.,44 ’480 , ..844

248, 4404404 04 0)004444, King of 480 W. 8444004, with 844 8448004 tud
44084044 40 444480) 8441404 (Archbishop 04 Musones). 40
78844180 . . . 340

280. 4400044 04 480 Legata Georgo 44444 Theophyhct 04 48044· pu>
0004444404 m 4444314044 40081, , ..840

281, 0000404444044 8)· 04444, King 04 480 Muciana, 40 0001440444, 88804
04 04404440), 04 1444414 44444 0444410044 4ο 480 44880) 4.,44 487, 848

282, (444444 8) 480 4444440 Βο4414440144 40 480 4880) 04 St. Doni· 444

france, 04144444 444 44048040οΙ0, 4444444404, und Pevenuey, 00,
sussex. 44. 498 404788 0. . ,880

288 erant 1) 000, King 04 480 4404040444 40 St. 4444444044· 44, 4400804404,
04 44444404 Τ40444· 441)44,04Τ40440444·14444, 00 440444. 444 488, 852

284. 0444444 8) 0144, 4444444 04 480 ,4404444444 40 the thegn 0480484, 02
lund 44 Dunuingclaud 40 480 84444) district. co. 440444. 40. ’488 858

288, (1444444 8) 0444, King 04 480 Morem 40 448800 4840440000, 02
800401400804404,00.14004 444782 , , , 884

2804 Agrea-mem between 14444400 1104480404 4044 wulfheard concamium

land 04 4048044044 :nd 44444410), 00, wormat. mm . 880

281, (144444 8) 0444, King 04 480 4404044404, 40 4840404000, 44441400 04
4400804404, 04 land 40 8400403080). 444782 , , 848

288, (1444444 by King 4404444440 40 Princo 11404440, of 44044 44 4444448040,
444 0440844400 404 444444 00 480 44444· ·4 44004404, co. 144044 4444040

444480, . . ,882

219.c0=1fl1mti0nbyofla.x1ngot 480 ,4404044444 40 480 44880) 04 84

Doni» 40 844000, 04 144444 448000000040144414040141,040 4248
April, 40, ’490 , . , , , 800

sm 04 0444, 44440804 40 480 48040 0844404 , , 802

200, 044444 8) [abath. Kinu 04 140444, 40 niara. 144480) 04 4400804404,
01 laud 44 44411400, on 480 144444 8444404), co. 14004, m

'c’ffi Χ ’4441 . . , , . . 303

201, 044444 8) 14444044, 0040 04 480 8, 844004, 40 480 Choreb 04 84

44441440, Penius, 044 Sum, 04 lund 44 (404148οψ4044. m
741 404124, , . ,804

202, 044444 8) Ala-11, 44440 04 480 8 844004 40 st 204044084408,

May, 04 44044 44 44444444ομ4)44,8 04 2044404444, 040, 00.
sum. 44800444, ’424 . . . ,808

208, (“ 44444 8) hung (404, 40 484144 480448, 0404048444), 0414044 44
2008444, uestimento. 440444 , , . m

204. 044444 8) 0444, 4444) ot 480 4444444444 40 480 (844408 04 st
84440404444400444004 448844),444ῖ284044444 ,m

 

