xxii 44844 04 comm

848 (44484 84 00888814, 114444 04 484 848404484, 40 41814444, Arrh-
844804) 04 0484448844, 04 1484 44 1444184, 04 884144, 08 484
0444444 0484444 (4444, 00 11884 m 814 . . 488

484

841. 8804408444 48448 84 Nor 848 .

848 (44484 84 coenuulf, 14484 04 484 8444844444 40 41814404, Arch-
844804) 04 0484848844, 04 1884 84 144848 (4841084, 04 0001484,
48 488 westan-widdo district, 00. 11884 8848 November, ⁴85
80. 814 . . . . . .

848. (448444 8414884414, 8484 04 484 448484404, 40 1108484484, 8448044
04 worcester, 04 1884 44 80884884448, 4188444844 (4), 8844
(1100084444. 84148 1180848844, ‚m 814 . . . 484

m 8884444408 84 coenuulf, 14484 04 480 448484484, 40 1148488484,
844804) 04 worcester, 04 488 848484884888 04 4448448 8488 408
404 4884 0444, 48 8408444ςο 404 488 4448 04 488 1408444844 04

8448484488, 04 44448484, 80 (1188044484, 484 04804 1484 08 488
W. 04 488 114484 8848444. roth 1140848884, tn. 844 . . 488

881. 64484 84 14444814, 144444 04 488 ,41848884 48 1188888484, 8448044
04 4404084484, 04 14444 84 840444, 04 8408444844, 00 women«,
48 84884844 404 1884 44 (14484848, 04 (4044484, 80 (1408084484.
80. 844 . . . . . . 488

8448 (144444 84 0088814, 14484 04 484 84448884 40 1444888, 88804 04
88484400, 04 14844 48 440448, 840, 48 804. Beth 484 044044,
844 811 404 815 . . . . . 480

m. 8414 84 00888844, 14404 04 488 mereim 40 ,4488844804 1814404,
04 4884 84 8448448484, 80 14884, 404 4448844-48488 484888· 48
4 4484. 44448 44448848. 8444 . . . . 481

m 8404844408 04 4484880488, 844804 04 84888414, 40 41014484, Areb- ι
8448044 04 (3484848844. u). 81444848 . . . 488

448 44888404 84 uremur, 88484 84 lam, ω vultur 4444 ’
8448044 04 0484848844. Abour 40. 848 . . . 488

888 (14484 84 00884414, 44484 84 488 4484444844 40 8844888484, 844804
04 1104884484, 04 1484144 1444184448, 4184188448, 04 44411844,
08 488 414404 Severa„ 448. 848 . . . . 484

884. (14404 48 84884848 84 00884814, 14484 04 484 148444884, 40 11484·
8844, 8448044 04 4104484484, 04 14044 44 448444484400, 0844400
1448048444, 448, 00. 4404084444. 844 818 . . . 481

0044844 04 044484440-

848 Acir 04 488 (10448841 04 484 4444140444 04 484 provino· d

4“4848414044,80484 ,4448888844 8814444484 0080044,
11444404 4841448884 4148 414444, 844 848 . 488

889. (14484 84 080814, 14484 04 488 1484844844 48 4888884484, 8448044 d
4804884484, 04 1484 44 8144840444, 08 488 44844 8488 04 488 414484
84884. 844 844 . . . . . 844)

 

