viii 11011 01 00111110

117. (111111 by 1111110, son 01 11100 0111010, 07 land 11 618101110100,
010111111’111’1011111111,00610110,10 811001, 01 1110111101, 1101111·
1011·- 10. 706 . , 173

11881111 1101711101, 1110011001, 07 1101111 8110110, 0181101100.
111000,10010000110000,οιε1011011000100.10100. 177

113. 1011οτ110111 1000 John 1’11 101110 English (71111011 1117031707 173

170. (11101 by 8001011, 11100 01 1110 1701011101, 01 11011 11 11011110, or

11110011,11010100001701000101,1001000011010100,018101111111, ,
1100111010.11.1).708, . . . 176

¹ 1110111110111111000111111000101111111 810010018111
81001, 00. 8011101101, 10 1110 11111101 11000111 111). 663 (? 101 603
01108) . . , 177

m. (111111 by AEduheud 1011 1131ἰὶ010111 01 1110 71010011, 01 11011 11
11101010 0011101111 110710111110 . ..778

173. (11101 by 01111, 11100 07 1110 ,1101011011 10 1700001101 0111011111, 07
110111800110118,018110110100011110101,οω 10. 1701117011 178
1731 1001101101100110. 173 , , , 173
17311 A Third 70101 01 No. 173 , . , 180

177, orant by 11001011. 11100 07 1110 1101111100. 07 11111111 1100100100,
' 010110111011,00.11’01000101,10 8111100 80011100, 111700 . 181 ' ’

173. 711101 1101100101, 171110 01 1110 Mettium, 11111 0771, 111110 01 1111
Em 1100101 01 110111 011 the 110011 01 1110 R. .11011, 010, 10
11010111001810111110.,1100111010 111700 . . 183

1771 1111101· 01 8000 6001110110010 ,1011101100 8111111111, 0000010100
1110110100 01 8111100 80011100,1110110111100 01 18010011 0011·
11101001,101111000011111110110711103100111000. 1111703 , 188

177. (1110111)·Ο1101111011,ωο 07 ,1111111011 800111, 07 11011 11 81001011,
01 1100100001111111011010,101ἶ111001,011110 1111111100111010.

111710 , . , ,188

178. (11101 11)· 7011010, 811110 000 07 8110110100, ο11101111111011000)0,01
8111101110 10 .·,1111101111 ,11111076 1111.111)111)’ 111177 ,788

173. 1101101 01 8000 000111οῑ110 10 11011ὺί11100 8111111111110111100
0101101100 701 1110 11111100 07 8101111111. 111713 , , 183

130811101010101 811110 00 100110000101011110111011011107 8001111111
1100111010. 111717, . · . 130

131, Charta 07 8111100 8011100, 7011011100 1110 1111110] 07 8101111111
10, 717 , . ,731

137, 01101 1108110111 07 1110 80111 811001 10 8111171111, 1111101 07
,811100,071111111111011111100111011·,, enfin-u. 11) 717 . 183

133 10110001 8000000010000 1011011111, ,1111101 07 8000011110] und
17011000111111110001110001101101100100001 10 7011117111 183

137. 711111 by 1810011111, 11100 07 nb«- 1101011111 10 ethan, 0180018111,
110100,ο1110011110101,010 ,111718 . , . m

133 (3111110107 8111011111, 111110 01 th· 11010011 1010111110 1111 um
ter,- 07 0100111111, 01 6101111111, 001 uam 10, 716 , m

 

